@v_choice
$Dim[76]
#
%0.0176445,0.0229165,0.020796,0.0398731,0.0954666,0,0.0220302,0.0264514,0.000499548,0.00678555,0.00330023,0.0279497,0.0148345,0.0216564,0.00683132,0.0227135,0.0187216,0.0143719,0.00367932,0.00903636,0.0135442,0.00247379,0.00339686,0.000373688,0.00331468,0.00168524,0.00494831,0.0236584,0.00383239,0.00034044,0.00929889,0.00258735,0.00347249,0.0136079,0.0231696,0.0192729,0.023424,0.00624874,0.0149315,0.0141433,0.00166175,7.82556e-06,0.0141295,0.00472908,0.00754859,1.88762e-05,0.0110149,0.00532301,0.00943518,0.0131826,0.00466327,0.0427435,0.0643382,0.0199524,0.00357601,0.00846508,0.00215701,0.0245181,0.0073633,0.0166047,0.00574046,0.00460838,0.0277532,0.0105108,0.0191006,0.0230584,0.0172107,0.0042897,0.00416461,0.000940479,3.03794e-05,4.58626e-05,0.01542,0.00672027,0.00729385,0.00839673
@j_choice
$Dim[76,51]
#[v_choice,0]
%0.00771775,0.0496141,0.0319735,0.0507166,0.0187431,0.0507166,0.0374862,0,0.00551268,0,0.0584344,0.0639471,0.0738699,0.0253583,0,0.0567806,0.0595369,0.0148842,0,0,0.0402426,0.0755237,0.0496141,0.0159868,0.036935,0.0137817,0.0192944,0.0110254,0.0132304,0.0159868,0.00882029,0,0.00551268,0.00661521,0.00110254,0.00385888,0,0.0016538,0.0016538,0.00220507,0.00110254,0.000551268,0.00110254,0,0.000551268,0.00110254,0,0,0.0115766,0.0253583,0.0303197
#[v_choice,1]
%0.0127334,0.0398981,0.0233446,0.0343803,0.0144312,0.0254669,0.0182513,0,0.0212224,0,0.0424448,0.0288626,0.053056,0.0101868,0,0.0390492,0.0352292,0.0114602,0,0,0.0258913,0.0831918,0.0441426,0.0292869,0.0394737,0.00848896,0.0275891,0.00721562,0.0220713,0.0348047,0.0212224,0,0.024618,0.0280136,0.00764007,0.0195246,0,0.00509338,0.0148557,0.020798,0.00169779,0.0114601,0.0165535,0.0140444,0.016129,0.0118845,0.00806451,0,0.0110357,0.012309,0.0228825
#[v_choice,2]
%0.02058,0.00608045,0.0070159,0.0126286,0.00420954,0.0533209,0.095884,0,0.00280636,0,0.0243218,0.00233863,0,0.00233863,0,0.0692236,0.106642,0.00608045,0,0,0,0.00982226,0.104303,0.0449018,0.049579,0.0149673,0.00654818,0.0191768,0.0388213,0.0369504,0.01029,0,0.0299345,0.005145,0.000467727,0.000467727,0,0.0191768,0.0289991,0.00233863,0,0.0219832,0.00140318,0.00374181,0.015435,0.0233863,0.000935454,0,0.0795136,0,0.0182413
#[v_choice,3]
%0.0169675,0.0519247,0.0378904,0.049931,0.0288087,0.042758,0.0273287,0,0.015615,0,0.0483211,0.0487942,0.0575187,0.0131756,0,0.0277165,0.0330921,0.0112727,0,0,0.0210404,0.0477684,0.0332052,0.0152697,0.0264215,0.00778054,0.0159857,0.00618192,0.0107037,0.0525082,0.010339,0,0.0108405,0.00960048,0.00418397,0.0074148,0,0.00365814,0.00446112,0.00503289,0.02009,0.00207726,0.00460935,0.00456262,0.0114972,0.0102945,0.0103096,0,0.0443739,0.0390454,0.0496291
#[v_choice,4]
%0.00840021,0.0200868,0.0171861,0.0219384,0.0116056,0.0201456,0.0164011,0,0.0103915,0,0.025158,0.0300548,0.0404713,0.0110028,0,0.0294845,0.0325375,0.0117976,0,0,0.0253445,0.0774534,0.0506262,0.0231697,0.0440859,0.015192,0.0405992,0.0109691,0.0257901,0.0202507,0.0328707,0,0.0384689,0.0291037,0.015064,0.0310355,0,0.010495,0.0248313,0.0226566,0.0083187,0.00972872,0.0192675,0.0146042,0.0223002,0.0144477,0.0180074,0,0.0138669,0.014666,0.0201245
#[v_choice,5]
%0,0,0,0,0,0,0,0,0,0,0,0,0,0,0,0,0,0,0,0,0,0,0,0,0,0,0,0,0,0,0,0,0,0,0,0,0,0,0,0,0,0,0,0,0,0,0,0,0,0,0
#[v_choice,6]
%0.00558815,0.0226205,0.02001,0.0263945,0.0162202,0.0240788,0.0227163,0,0.0146021,0,0.0334822,0.0396218,0.0332183,0.010996,0,0.0392716,0.0258545,0.0045953,0,0,0.0267381,0.0620064,0.0371564,0.022845,0.022772,0.00546736,0.0367646,0.00749939,0.0165025,0.0317895,0.0141608,0,0.0350119,0.0162654,0.00942766,0.0213262,0,0.00787489,0.0403326,0.0374533,0.00246452,0.0221443,0.0259173,0.024094,0.0375005,0.0190996,0.0189956,0,0.0226903,0.0109627,0.0254667
#[v_choice,7]
%0.0148609,0.0383358,0.0429877,0.0615914,0.021483,0.0402083,0.0327757,0,0.0403695,0,0.0566132,0.0468246,0.0422146,0.0123813,0,0.0312159,0.0406317,0.0072567,0,0,0.0228303,0.0498685,0.0284098,0.00695445,0.0239065,0.00493099,0.035768,0.00518948,0.0112585,0.0669907,0.0103689,0,0.0163165,0.010495,0.00305364,0.0067281,0,0.0018499,0.007758,0.00977546,0.00757554,0.00381584,0.00396986,0.00320205,0.00496313,0.00323791,0.0057149,0,0.0459776,0.0177689,0.0515711
#[v_choice,8]
%0,0.0307341,0,0.0302602,0,0.00930166,0,0,3.07456e-05,0,0.000631776,5.07121e-08,0.0378706,0.0163213,0,0,4.72466e-19,0,0,0,0,0,0.0709194,0.0469175,0.0996036,0.0171983,0.0438614,0.0179527,0,0.0103615,0.0445619,0,0.103507,0.0293594,0,0.0597392,0,0,5.98814e-15,0.102575,0,0,0,0,0.0355979,0.0341384,0.0408587,0,0.0250051,0.0270284,0.0656645
#[v_choice,9]
%0.0319905,0.016142,0.0141987,0.0190334,0.0281261,0.00383339,0.0353634,0,0.0275441,0,0.0476157,0.0417416,0.0428011,0.00243567,0,0.00476584,0.00971573,0.000163024,0,0,0.0398064,0.000329332,0.0453858,0.0187234,0.0292889,0.000107251,0.012228,0.022993,0.026391,0.0431805,0.0341893,0,0.0442757,0.0485249,0.0221348,0.0114075,0,0.0117897,0.0218704,0.0386844,0.00741037,0.0188526,0.0290597,0.00144224,0.0221721,0.0344173,0.0196363,0,0.0539193,0.00595793,0.0103517
#[v_choice,10]
%0,0.00589466,0,0.00294733,0.00294733,0.0147367,0,0,0,0,0,0,0.00884201,0.00365942,0,0.00884199,0.0147369,0,0,0,0.0117893,0.0383153,0.0324267,0.0175972,0.0294732,0.00589466,0.0501069,0.00884213,0.017684,0.00294733,0.0412441,0,0.059122,0.026526,0.0206313,0.053052,0,0.0117893,0.0471584,0.0559998,0,0.0589469,0.085488,0.0707653,0.106104,0.0471573,0.0324207,0,0,0.00294733,0.00296439
#[v_choice,11]
%0.00820751,0.0132427,0.0132388,0.013302,0.0137573,0.0101513,0.0173498,0,0.00496735,0,0.0212541,0.0377082,0.0292607,0.00878669,0,0.0404812,0.0457296,0.0119659,0,0,0.0404042,0.0632848,0.0660452,0.0354229,0.0495752,0.0158905,0.0573203,0.0142221,0.0214328,0.00742608,0.0340441,0,0.0483256,0.0311865,0.00946129,0.0315049,0,0.00869669,0.02951,0.0266705,0.000488552,0.020457,0.0182824,0.0160443,0.0201565,0.0131235,0.0121233,0,0.00522448,0.00581024,0.00846322
#[v_choice,12]
%0.00159187,0.00325003,0.00374398,0.00713737,0.00133886,0.00898328,0.00726313,0,0.0103089,0,0.0198058,0.0116002,0.0181636,0.00380598,0,0.0179939,0.0352381,0.00975634,0,0,0.0254527,0.0610647,0.0672091,0.0223911,0.0477667,0.0164416,0.0606606,0.0121793,0.0287435,0.0076343,0.0369582,0,0.0817488,0.0505859,0.0145224,0.0509801,0,0.0120072,0.0477171,0.0560825,0,0.0268567,0.0321536,0.0194456,0.0197384,0.00945675,0.0174401,0,0.00680311,0.00243492,0.00554366
#[v_choice,13]
%0.00617436,0.0236956,0.0171329,0.0230115,0.0195701,0.0251016,0.0210406,0,0.0127299,0,0.0316437,0.0426471,0.0321073,0.0101991,0,0.0275899,0.0275993,0.00524545,0,0,0.022838,0.0552362,0.0439691,0.021263,0.025014,0.00681725,0.0369276,0.00664205,0.0219785,0.0322115,0.0204655,0,0.0405738,0.0237193,0.010077,0.0230821,0,0.0160728,0.0277163,0.0380171,0.00239117,0.0222146,0.0289069,0.0203745,0.0340888,0.0184311,0.0177933,0,0.0231428,0.00922697,0.0253208
#[v_choice,14]
%0.00936371,0.0482945,0.0332406,0.0428602,0.0256554,0.0341315,0.0411002,0,0.0401745,0,0.0358674,0.0550278,0.0354865,0.0157087,0,0.0171333,0.0364119,9.40547e-09,0,0,0.0198417,0.0444708,0.0201606,0.0258753,0.0379791,0.00691884,0.0150409,0.0148824,0.0237763,0.0442404,0.0229449,0.00142386,0.0346265,0.0160706,0.00478666,0.0279824,0,0.0137773,0.0189543,0.0106775,0.00426761,0.00267042,0.00755495,6.00172e-08,0.0120807,0.00808873,0.00287476,0,0.0326572,0.018367,0.0365519
#[v_choice,15]
%0.00525835,0.0453909,0.0341014,0.0173215,0.0171546,0.022372,0.0180324,0,0.0142934,0,0.0402722,0.0326166,0.0239702,0.0097869,0,0.0409473,0.0402571,0.00505441,0,0,0.0153681,0.0661767,0.0393762,0.0160406,0.0322045,0.0109101,0.041402,0.00524964,0.0143639,0.0288638,0.0242933,0,0.0367763,0.0241542,0.00718145,0.0282874,0,0.00562969,0.0208583,0.0282745,0.00253636,0.0193739,0.0244056,0.022098,0.0350602,0.0142709,0.0135199,0,0.0196257,0.0057614,0.031108
#[v_choice,16]
%0.017661,0.0495126,0.0306842,0.041308,0.0249845,0.0261605,0.0209753,0,0.0270215,0,0.0388041,0.048746,0.0490501,0.00933951,0,0.0308532,0.0430374,0.00569136,0,0,0.0270897,0.0649109,0.0422202,0.0133106,0.0224626,0.00394804,0.0282249,0.0093036,0.00657188,0.044062,0.0146478,0,0.0142409,0.0181968,0.0113525,0.0159933,0,0.006507,0.0142536,0.0105402,0.0145562,0.00605798,0.0149003,0.00949916,0.00873541,0.00777925,0.0129811,0,0.0223135,0.0345777,0.0369335
#[v_choice,17]
%0.00263732,0.00758938,0.00658819,0.00596474,0.00153063,0.00653665,0.00510717,0,0.0205933,0,0.0140363,0.0182698,0.0272149,0.000928128,0,0.0180964,0.0322229,0.00140552,0,0,0.0282659,0.0799747,0.0222161,0.0263737,0.0374693,0.0119087,0.047427,0.0114845,0.0276536,0.00305856,0.0384917,0,0.0605828,0.0476739,0.0262269,0.0541311,0,0.0157989,0.0431295,0.0465979,0.00792856,0.035456,0.0272726,0.0148378,0.0347869,0.0215607,0.0353316,0,0.00970186,0.00755357,0.00838429
#[v_choice,18]
%0.0273884,0.0755482,0.0525928,0.0374725,0.0275705,0.0389348,0.0263249,0,1.36986e-09,0,0.0524383,0.0358699,0.0478376,0.0121817,0,0.0382982,0.0240848,0.00865711,0,0,0.0234639,0.0564811,0.0222011,4.41067e-17,0.0100801,0.00614528,0.0167716,0.00791755,1.88037e-06,0.040935,0.020648,0,0.00864117,0.0181963,4.27783e-05,0.000131202,0,0.00509968,0.0225139,0.0183546,0.0306345,2.76083e-06,0.0422463,2.45468e-06,0.0178338,0.0147855,6.33897e-09,0,0.0202996,0.0327057,0.0586647
#[v_choice,19]
%0,0.0129692,0.0034409,0.0201405,0.00962306,0.0158336,0.00390138,0,0.00963557,0,0.0232371,0.0230473,0.0517579,0.0157338,0,0.024041,0.0385127,0.00142285,0,0,0.0306886,0.0736834,0.0687242,0.0115412,0.0394349,0.0090715,0.0619061,0.00376975,0.0176324,0.0107328,0.0389924,0,0.0273007,0.0286748,0.0268099,0.0267019,0,0.00395892,0.0260174,0.0513113,7.50473e-05,0.00634895,0.0605584,0.011639,0.0427862,0.0240859,0.0167081,0,0.00800163,0.0104533,0.00909414
#[v_choice,20]
%0.00915694,0.040118,0.0101379,0.046533,0.0167197,0.032714,0.0226225,0,0.00905737,0,0.037452,0.0504177,0.0633419,0.0125159,0,0.0388211,0.0406943,0.0175033,0,0,0.037136,0.0553561,0.0579324,0.0270677,0.0330027,0.0086562,0.0278242,0.00763132,0.0158785,0.0252924,0.0185996,0,0.0240188,0.0201183,0.00824107,0.013918,0,0.0054044,0.0209368,0.0181331,0.01552,0.0115286,0.00487264,0.0129121,0.00667376,0.00948058,0.00595273,0,0.0176706,0.0173822,0.0250534
#[v_choice,21]
%1.01972e-08,0.0486636,0.00848428,0.0163515,0.0140129,0.0331631,8.59497e-05,0,0.00438475,0,0.0153105,0.0367269,0.0376399,0.00162734,0,0.0281197,0.0146412,1.84861e-15,0,0,0.0828459,0.0845763,0.0637432,0.0103842,0.055931,0.000312687,0.0565039,0.00891617,0.0218357,0.0176753,0.0290989,0,0.0251308,0.0196557,0,0.032721,0,0.00896747,0.0100892,0.0430631,0.0038857,0.0195794,0.0305164,0.00210935,0.0428451,0.00983131,0.0235918,0,1.72884e-05,0.0108215,0.0261399
#[v_choice,22]
%0.0360527,0.0449143,0.0127014,0.0282148,0.00573821,0.0250333,0.0177888,0,0.0117036,0,0.0370111,0.037123,0.00263771,0.00574876,0,0.046394,0.0200594,0.00738423,0,0,0.0107114,0.043476,0.041652,0.0296445,0.0283461,0.00745783,0.0671977,0.0167323,0.0177686,0.0363271,0.0182379,0,0.0413463,0.0369669,0.00332525,0.0137849,0,0.022382,0.0330819,0.0197111,0,0.0126556,0.00698592,0.00976658,0.0203443,0.00354353,0.00397545,0,0.0314539,0,0.0846197
#[v_choice,23]
%9.87981e-07,0,0.0261794,0.00114906,0.0314729,0.00749473,0.0189399,0,0.23176,0,2.02422e-31,0.121035,0,0,0,0,0,0,0,0,0.00154785,0,0.132747,0.00114254,1.89161e-08,0.0235638,0.0944764,0.0450835,0.00598381,0,5.92006e-07,0,0.0115365,0,0.0260294,3.29054e-06,0,0.018724,0.0232299,0,0,0,0,0.0359019,0.0560063,0.0059219,0,0,0.0736209,0.00644901,0
#[v_choice,24]
%0.0129397,0.0390721,0.013394,0.0327098,0.00585746,0.0359702,0.0228529,0,0.00561315,0,0.0442368,0.0441221,0.0237073,0.026388,0,0.0111454,0.0234605,0.0100396,0,0,0.00662989,0.0493496,0.0424153,0.0312446,0.0296408,0.00702969,0.0719914,0.00632873,0.0228736,0.0420033,0.0223927,0,0.0397941,0.0354787,0.00833024,0.0064147,0,0.0064079,0.0218531,0.0296864,0,0.013441,0.00751329,0.0222706,0.0172995,0.0257135,0.00766392,0,0.0293904,0,0.045334
#[v_choice,25]
%0.0115434,0.0613174,0.0336869,0.0161451,0.00131043,0.0246909,0.0245331,0,0.0056624,0,0.0410153,5.46321e-05,0.0197812,0.0149266,0,0.0452997,0.0246823,0.0115436,0,0,0.0742871,0.0720902,0.00974622,0.0249061,0.0737365,8.77276e-05,0,2.09558e-06,0.0301099,0.0260003,0.0150031,0,0.047129,0.0057778,0,0.00968552,0,0,0.0146696,0.0522229,6.79184e-05,0.000118073,0.00137879,0.0697479,0.0285804,0.0131143,0,0,0.0182806,2.57514e-07,0.0770649
#[v_choice,26]
%0.00768993,0.0488653,0.0300199,0.0453615,0.0313138,0.0135339,0.0253505,0,0.0313716,0,0.0528871,0.0411497,0.05287,0.0136607,0,0.0350353,0.0270067,0.00410447,0,0,0.0270971,0.0616282,0.0329376,0.0193939,0.011043,0.0155849,0.0328122,0.00206971,0.0153002,0.0398029,0.0154062,0,0.0210332,0.0253645,0.00570869,0.0114554,0,0.00379175,0.0194473,0.0208795,0.0098321,0.00756482,0.00936896,0.00963615,0.00555692,0.00535151,3.98798e-27,0,0.0313443,0.0333323,0.0470365
#[v_choice,27]
%0.0111369,0.0255485,0.0126335,0.0238145,0.0144186,0.0136148,0.0173104,0,0.0102951,0,0.0230628,0.0349739,0.0411564,0.00824349,0,0.042831,0.0321761,0.00530859,0,0,0.0292792,0.0549478,0.0424474,0.0193785,0.0404486,0.010719,0.0387734,0.00450076,0.0255795,0.0171655,0.0309021,0.000411138,0.0363034,0.0316973,0.0115513,0.0235057,0,0.0086631,0.0284124,0.0412692,0.00164379,0.0218526,0.0358651,0.0136078,0.0276174,0.0288938,0.0168567,0,0.0115342,0.0115296,0.0181194
#[v_choice,28]
%0,0.00253807,0,0,0,0.00253807,0.00253807,0,0.00507614,0,0.00253807,0,0,0.00761421,0,0.0101523,0.00507614,0,0,0,0.0101523,0.0279188,0.0152284,0.0152284,0.0482234,0.00507614,0.0482234,0.00761421,0.0152284,0.00761421,0.0532995,0,0.0558376,0.035533,0.0228426,0.0380711,0,0.0329949,0.0406091,0.0583756,0,0.035533,0.0558376,0.0761421,0.104061,0.0964467,0.0558376,0,0,0,0
#[v_choice,29]
%0,0,0,0,0,0,0,0,0,0,0.0571429,0,0,0,0,0,0,0,0,0,0,0,0.0571429,0.0285714,0.0285714,0,0,0,0,0.0285714,0.0285714,0,0,0,0.0285714,0,0,0.0285714,0.0571429,0.0571429,0,0.0285714,0.0571429,0.0857143,0.342857,0.0857143,0,0,0,0,0
#[v_choice,30]
%0.00104603,0.00313808,0,0,0,0,0.00313808,0,0.00209205,0,0,0.00104603,0.00313808,0,0,0.00209205,0.00209205,0,0,0,0,0.00941423,0.0167364,0.0156904,0.0198745,0.0041841,0.0209205,0.00732218,0.0156904,0.00209205,0.0324268,0.00104603,0.0366109,0.0543933,0.00941423,0.0313808,0,0.0167364,0.0523013,0.0721757,0,0.0345188,0.0439331,0.0648536,0.197699,0.122385,0.0972803,0,0.00209205,0.00104603,0
#[v_choice,31]
%0.0037594,0.0601504,0.0338346,0.0263158,0.0451128,0.037594,0.0225564,0,0.0075188,0,0.056391,0.0488722,0.0977444,0.0150376,0,0.018797,0.0451128,0.0075188,0,0,0.0451128,0.112782,0.037594,0.037594,0.018797,0.0150376,0.0263158,0.0075188,0.0075188,0.0150376,0.0263158,0,0.0150376,0.0150376,0,0.0112782,0,0,0,0,0.0075188,0,0,0,0,0,0,0,0.0300752,0.0150376,0.0300752
#[v_choice,32]
%0,0.00280112,0,0,0,0,0,0,0,0,0.00840336,0,0.0168067,0.00280112,0,0.00280112,0,0.00280112,0,0,0,0.0252101,0.0308123,0.0140056,0.0308123,0.00560224,0.0756303,0.00280112,0.0112045,0,0.0196078,0,0.0448179,0.0364146,0.00840336,0.0392157,0,0.0168067,0.0448179,0.0672269,0,0.0252101,0.0784314,0.0392157,0.154062,0.128852,0.0588235,0,0,0.00280112,0.00280112
#[v_choice,33]
%0,0.000714796,0.00142959,0.000714796,0.000714796,0.00142959,0,0,0.00285919,0,0,0.00428878,0.00142959,0.000714796,0,0.00357398,0.00285919,0.000714796,0,0,0.00142959,0.00357398,0.0257327,0.00357398,0.0114367,0.00786276,0.0335954,0.00285919,0.00857756,0.000714796,0.0271623,0,0.0443174,0.0335954,0.0214439,0.0679056,0,0.0214439,0.0493209,0.0979271,0,0.0207291,0.0428878,0.0307362,0.1401,0.172981,0.106505,0,0.00142959,0.000714796,0
#[v_choice,34]
%0.0152839,0.0552434,0.0280902,0.0581959,0.0297846,0.050586,0.0304687,0,0.0179598,0,0.0487243,0.0391781,0.0620333,0.0137492,0,0.03262,0.0408803,0.0112462,0,0,0.0210411,0.0710882,0.0356329,0.0163978,0.0210977,0.0108453,0.0219524,0.00665048,0.00948792,0.0392278,0.0142179,0,0.00855242,0.0127212,0.00320541,0.00464502,0,0.00353173,0.00613771,0.00792125,0.0186924,0.000379432,0.00629105,0.00369133,0.00608255,0.00308762,0.000123261,0,0.0252377,0.0409407,0.0470758
#[v_choice,35]
%0.00390933,0.00625985,0.00426382,0.00459551,0.00542378,0.00671393,0.00497396,0,0.004438,0,0.0188603,0.0124497,0.0254508,0.00812661,0,0.0215315,0.0315588,0.00901552,0,0,0.0220478,0.0755908,0.0480391,0.028926,0.048093,0.0176484,0.0545428,0.0161561,0.0399889,0.00831131,0.0439078,0,0.0533117,0.0571203,0.0227521,0.0556498,0,0.0222692,0.0440317,0.0475625,0.00295973,0.0187079,0.0389678,0.0197317,0.0156591,0.00656411,0.00352914,0,0.00731492,0.00424401,0.00880119
#[v_choice,36]
%0.01364,0.0444346,0.0388845,0.0516038,0.0271184,0.0499135,0.0293034,0,0.015126,0,0.052973,0.0417748,0.0547333,0.0112729,0,0.0430352,0.0357498,0.0117716,0,0,0.0299788,0.0539376,0.0261348,0.0152091,0.0321628,0.0075567,0.0222732,0.0054592,0.0166789,0.0353342,0.0224791,0,0.0112101,0.0159953,0.00717708,0.0114903,0,0.00268378,0.00628499,0.00659879,0.0139567,0.00748627,0.00407103,0.00212225,0.00476889,0.00234164,0.0027879,0,0.0313058,0.0378169,0.0433631
#[v_choice,37]
%0.0128394,0.0419721,0.0171263,0.0309568,0.024736,0.0482518,0.0246236,0,0.00317537,0,0.0486566,0.0470162,0.0639874,0.0136669,0,0.0513699,0.0361232,0.0136713,0,0,0.0371919,0.0903375,0.0601453,0.0140098,0.0322495,0.015638,0.0187958,0.0062429,0.018096,0.0215944,0.0124706,0,0.0360818,0.0186926,0.00155603,0.015566,0,0.00316529,0.017077,0.0183222,0.00155661,0.0124741,0.00938652,0.0019827,0.00155267,0,0.00163866,0,0.0199947,0.00467021,0.0313382
#[v_choice,38]
%0.0118224,0.0144543,0.0110711,0.0164698,0.0102181,0.0164792,0.00481387,0,0.00304229,0,0.0178108,0.0212986,0.0368503,0.0108346,0,0.0182686,0.0325566,0.00446578,0,0,0.0269587,0.0614507,0.0542875,0.0206647,0.039912,0.0103798,0.0599244,0.012431,0.0411099,0.0124046,0.0550035,0,0.0479484,0.0420951,0.011804,0.0309768,0,0.0153568,0.027807,0.0434747,0.000417493,0.0328555,0.0198476,0.0141584,0.0334332,0.0164309,0.00705816,0,0.00899838,0.00258742,0.019767
#[v_choice,39]
%0.00807179,0.0181022,0.0130838,0.0194701,0.0110138,0.0173745,0.00585227,0,0.00409115,0,0.0372014,0.025177,0.0251358,0.00246977,0,0.0188539,0.0316054,0.00745326,0,0,0.0338856,0.0714177,0.0514958,0.026159,0.0475563,0.0156045,0.0406452,0.0161901,0.0293097,0.0181326,0.0224971,0,0.0491029,0.044122,0.0132299,0.0265761,0,0.0190194,0.0362332,0.0501424,0.000858298,0.0205439,0.0207097,0.0164521,0.0211823,0.0146526,0.00858727,0,0.0115896,0.00364395,0.0255045
#[v_choice,40]
%0.0120449,0.0351837,0.0355975,0.0645169,0.0293163,0.0526735,0.0176305,0,0,0,0.0353864,0.0294345,0.0237715,0.00590101,0,0.0409712,0.0294664,0.0354702,0,0,0.0289842,0.0761915,0.0236655,0.0297078,0.0296429,0.0238002,0.0414055,0.0117043,0.0293396,0.0117,0.0235921,0,0.0646043,0.0118989,0.0117054,0.0058463,0,0.00595726,0.0292579,0,0.00585338,0.00591893,0.0058504,0.00589868,0,0,0,0,0.0109882,0.0234209,0.0357015
#[v_choice,41]
%0,0,0,0,0,0,0,0,0,0,0,0,0,0,0,0,0,0,0,0,0,1,0,0,0,0,0,0,0,0,0,0,0,0,0,0,0,0,0,0,0,0,0,0,0,0,0,0,0,0,0
#[v_choice,42]
%0.0081294,0.0184011,0.0106729,0.0198002,0.0110818,0.0186506,0.00610463,0,0.00434185,0,0.0245089,0.0255172,0.0251173,0.00255928,0,0.0195577,0.0327075,0.00769189,0,0,0.0344786,0.0771945,0.0504564,0.0265582,0.0491672,0.0158394,0.0386016,0.01674,0.0294904,0.018503,0.0220026,0,0.0505581,0.0458352,0.0141154,0.0264693,0,0.019771,0.0376609,0.0493428,0.000764899,0.0214129,0.0216353,0.0168,0.0209966,0.0111843,0.00853084,0,0.0118127,0.00393679,0.0252988
#[v_choice,43]
%0,0.0489227,0.0337174,0.0508763,0.0150206,0.0459717,0.0440209,0,0.00829748,0,0.0383818,0.0378391,0.0457217,0.0108418,0,0.022895,0.0397281,0.00471292,0,0,0.0111399,0.0593053,0.0572034,0.00943499,0.00900778,0.000525684,0.0343271,0.000101169,0.013985,0.104575,0.012033,0,0.00069729,0.00329635,0.00028671,0.00690414,0,0,0.00607421,0.00392124,0,0.0217258,0.0163764,0.0404332,0.0192926,0.0230882,0.000481444,0,0.027671,0.00618995,0.0649757
#[v_choice,44]
%0.0141743,0.0502542,0.038657,0.038657,0.0231942,0.0244828,0.0283475,0,0.0115971,0,0.0541199,0.0541203,0.0695827,0.0115971,0,0.0399437,0.0541199,0.00901998,0,0,0.0438112,0.0811798,0.0528325,0.0167514,0.0399456,0.00901998,0.0412342,0.0115984,0.0128857,0.0244828,0.0154628,0,0.00902001,0.0115971,0,0.00773141,0,0.00128857,0.0039369,0.00128857,0.00773141,0.00128857,0,0,0,0,0,0,0.0283485,0.0283485,0.0283485
#[v_choice,45]
%0,0,0,0,0,0,0,0,0,0,1.52003e-17,0,0,0,0,0,1.31691e-22,2.07064e-14,0,0,0,6.63102e-27,5.73731e-47,0,0.503693,0,0,0,0,0,0,0,0,0,0,0,0,0,0,2.13784e-30,0,0.496307,0,4.79188e-19,0,0,0,0,0,0,0
#[v_choice,46]
%0.00971375,0.013246,0.00618148,0.012363,0.00529841,0.013246,0.00883068,0,0.00353227,0,0.0220767,0.0189037,0.0291424,0.00529841,0,0.0256103,0.0220767,0.00883068,0,0,0.0185445,0.07771,0.052101,0.0211936,0.0318103,0.00529841,0.0300243,0.00883068,0.0335566,0.0220767,0.0353227,0,0.0344397,0.0591656,0.0282582,0.0415042,0,0.0114799,0.0432216,0.0529853,0.00353227,0.018577,0.0309074,0.0256692,0.052101,0.0194275,0.0105968,0,0.0114799,0.00706455,0.00877052
#[v_choice,47]
%0.0187829,0.0311398,0.0300245,0.0407641,0.0262935,0.0339662,0.0214332,0,0.00979484,0,0.03612,0.046482,0.0665291,0.0167074,0,0.0208429,0.0393597,0.0155612,0,0,0.0499083,0.0862289,0.0556113,0.0383689,0.0335233,0.00550687,0.0322518,0.0111391,0.0184443,0.0300377,0.0268083,0,0.0242821,0.0173078,0.00624953,0.00879045,0,0.00388061,0.00357219,0.0052659,0.0018262,0,0,0,0,0,0,0,0.0278073,0.0181239,0.0412642
#[v_choice,48]
%0.011158,0.0319212,0.0202312,0.0391106,0.0241672,0.0364666,0.0247471,0,0.0121395,0,0.0475757,0.0489991,0.0446782,0.00512909,0,0.0366821,0.04508,0.00670628,0,0,0.0305291,0.0624884,0.0365868,0.0288342,0.0384997,0.0113243,0.0394538,0.00402125,0.0266888,0.0303738,0.0218274,0.00103092,0.0420094,0.0231001,0.00572596,0.0145631,0,0.00597681,0.00519926,0.0189226,0.00199117,0.00837514,0.014084,0.00516752,0.0102118,0.00512763,0.00206217,0,0.0255147,0.00939101,0.0361274
#[v_choice,49]
%0.0147571,0.0553391,0.0184464,0.0324656,0.0184464,0.0258249,0.0184464,0,0.0132814,0,0.0516498,0.0339413,0.0605041,0.00737855,0,0.0287763,0.0450092,0.00664069,0,0,0.0420577,0.0774747,0.0459528,0.0213978,0.0309899,0.01033,0.0258249,0.0081164,0.0154949,0.025087,0.0243492,0,0.0376306,0.0199221,0.00516498,0.0199221,0,0.00737855,0.0118057,0.0199233,0.01033,0.0081164,0.00368927,0.00147571,0.00368927,0.00442713,0.000737855,0,0.0228735,0.0287763,0.0361549
#[v_choice,50]
%0.00247026,0.0424934,0.0439283,0.0370158,0.00630527,0.0297681,0.0245807,0,0.013143,0,0.0558585,0.0113822,0.0650955,0.00305219,0,0.0501929,0.0491956,0.0168025,0,0,0.024955,0.101842,0.0364994,0.00680374,0.0300631,0.00515955,0.0362067,0.0107381,0.036872,0.0334317,0.0211191,0,0.02582,0.00629444,0.00562248,0.0218555,0,0.00533806,0.0228378,0.00625286,0.00435436,0.0176776,0.00960401,0.000924496,0.00824399,0.00208585,0,0,0.00014694,0.0371009,0.0308662
#[v_choice,51]
%0.0063909,0.0176859,0.00948109,0.0200474,0.0108718,0.0173467,0.0112318,0,0.00737812,0,0.0231678,0.0266078,0.044529,0.00729138,0,0.0269385,0.0266915,0.010435,0,0,0.0332602,0.0619198,0.0517038,0.0204994,0.036746,0.00641448,0.0413495,0.0132126,0.0224941,0.00354271,0.0283809,0.000455127,0.0526642,0.0303278,0.0171938,0.0314121,0,0.0129971,0.0296778,0.047972,0.00312604,0.0278357,0.0371867,0.0304557,0.0371664,0.0157077,0.00976182,0,0.00736412,0.00779868,0.0152788
#[v_choice,52]
%0.012806,0.0358338,0.0239533,0.0351336,0.016836,0.0237726,0.0159657,0,0.0120361,0,0.03651,0.0396252,0.0518047,0.0134506,0,0.0345007,0.0322554,0.00557,0,0,0.0329755,0.083861,0.0555223,0.0166525,0.0296268,0.0127067,0.0427158,0.00585563,0.0162421,0.0214752,0.0209236,0,0.0351607,0.0259808,0.00553672,0.0172628,0,0.00959593,0.0144284,0.0227283,0.00662405,0.00864914,0.013758,0.0116349,0.0117564,0.00955208,0.00382651,0,0.0200014,0.0218341,0.0330589
#[v_choice,53]
%0.0125597,0.035079,0.0225939,0.0173788,0.0221732,0.0246286,0.0183499,0,0.00607299,0,0.0491733,0.056733,0.0568319,0.0103202,0,0.0297321,0.0226046,0.00829814,0,0,0.0583943,0.0570771,0.0340479,0.0205635,0.0421034,0.0017033,0.0322454,0.00946249,0.0194947,0.0261666,0.0308004,0,0.0302156,0.0352825,0.00581205,0.0230584,0,0.00862661,0.0200367,0.0239902,0.00866904,0.00917448,0.0093836,0.00724601,0.0108893,0.00554689,0.00677298,0,0.0157021,0.020863,0.0341422
#[v_choice,54]
%0.0348592,0.045228,0.00255637,0.0550911,0.0298581,0.0427821,0.00874618,0,0.00190124,0,0.0250793,0.0613181,0.0728747,0.0205001,0,0.0297475,0.0283279,0.00256906,0,0,0.0300184,0.0358357,0.0503213,0.0373682,0.0587177,0.012312,0.0153457,0.0104774,0.000877971,0.00808422,0.0323006,0,0.0288904,0.0570726,0.00626821,0.00685988,0,0.00391928,0.00285898,0.0380865,0.0079219,0.00142781,0.0119568,0.0178347,0.00284965,0,0,0,0.0378889,0.000579418,0.0224868
#[v_choice,55]
%0.0118878,0.0693371,0.0327446,0.052426,0.0293575,0.0448681,0.0340853,0,0.0234084,0,0.0573526,0.0627777,0.0520962,0.00885071,0,0.0292338,0.0284036,0.00834123,0,0,0.0321954,0.0601202,0.0361964,0.0110052,0.0178133,0.00720656,0.0145794,0.00666473,0.0134997,0.029656,0.00673531,0,0.00802884,0.00646463,0.00680839,0.0121148,0,0.00206484,0.0115477,0.0108103,0.0123351,0.00175414,0.00652131,0.000381202,0.00766644,0.00395307,0.00677833,0,0.0300646,0.040769,0.0510946
#[v_choice,56]
%0.0315672,0.0496049,0.0180387,0.0496032,0.0135274,0.0180387,0.0359091,0,0.00450576,0,0.0270592,0.0225483,0.0901909,0.0045116,0,0.0540209,0.0270581,0.00450986,0,0,0.0496065,0.0721507,0.0587057,0.0315659,0.0586224,0,0.0180386,0.0135336,0.0225461,0.0135262,0,0,0.0362011,0.0450992,0.00902547,0.00901944,0,0.00450942,0.00450942,0.00901714,0.00344188,0,0.00451114,0,1.09703e-35,0,0,0,0.0450959,0.0180334,0.0225471
#[v_choice,57]
%0.0226754,0.0371397,0.0218078,0.0400933,0.0222931,0.0274505,0.0362049,0,0.00754792,0,0.0369281,0.0386715,0.0507207,0.0122271,0,0.0415421,0.035458,0.0114739,0,0,0.033395,0.0730534,0.0592148,0.0300262,0.0287689,0.00977733,0.0376452,0.00856106,0.0204119,0.0350694,0.0262105,0,0.036883,0.0182974,0.00956261,0.0115792,0,0.00476489,0.00573479,0.0130135,0.00833858,0.00424121,0.00345038,0.00158532,0.00178059,0.000789927,0.00119017,0,0.02355,0.0194573,0.0314133
#[v_choice,58]
%0.00716955,0.0368984,0.0304319,0.0261797,0.0244037,0.0285249,0.0227289,0,0.016442,0,0.0277419,0.0447886,0.0612258,4.75742e-11,0,0.038653,0.036024,0.0119799,0,0,0.0381757,0.0883992,0.0851781,0.0223995,0.0434456,0.00810473,0.0180402,0.0142928,0.015046,0.04849,0.0221608,0,0.0129845,0.0137721,0.00651291,0.0250163,0,0.00791203,0.0162946,0.0105105,0.0031705,0.00315403,0.00637111,2.16089e-06,0.00538151,1.47046e-07,0,0,0.0159827,0.0232403,0.0327697
#[v_choice,59]
%0.0123014,0.0333891,0.018745,0.0415628,0.0216736,0.0369048,0.0240782,0,0.00878637,0,0.0380765,0.035733,0.0421784,0.0134731,0,0.0322188,0.03339,0.01113,0,0,0.0234674,0.0837676,0.0538922,0.0240205,0.0374906,0.0146447,0.0304608,0.00879239,0.0193312,0.0204943,0.0263605,0,0.0310328,0.0345615,0.00878686,0.0199174,0,0.00527212,0.014059,0.0210885,0.00410054,0.00995873,0.0123016,0.00761528,0.00820107,0.00117158,0.00117158,0,0.0205023,0.0246063,0.0292892
#[v_choice,60]
%0.00169444,0.00811229,0.00338995,0.00338903,0.00169174,0.00169444,0.00508082,0,0.00806459,0,0.00677792,0.00846904,0.0147541,0,0,0.0152499,0.011844,0.00338828,0,0,0.0133631,0.0609744,0.0534468,0.0235749,0.025418,0.0252923,0.0438613,0.0103985,0.0201692,0.00507992,0.0270581,0,0.0606067,0.0643611,0.01856,0.0557995,0,0.0254165,0.0676717,0.0558906,0,0.0457745,0.0624104,0.0371686,0.0590099,0.0271301,0.0118605,0,0.00167726,0.00103668,0.00338888
#[v_choice,61]
%0.0223135,0.0251927,0.0434577,0.0479899,0.0112674,0.0173411,0.03418,0,0.00833216,0,0.0715916,0.00552693,0.026335,0.00882241,0,0.033356,0.0985212,1.37173e-05,0,0,0.047717,0.0559869,0.00637909,0.0367201,0.0276979,0.00898178,0.0369834,0.0094142,0.0152217,0.0118651,0.0292147,0.00211069,0.0499906,0.0263302,0,0.0112063,0,0,0.0174285,0.0205237,0.0460562,0.00353073,0.00524942,0.00422899,0.000937901,0.00212976,0,0,0.0454772,0.00958558,0.0147914
#[v_choice,62]
%0.0059255,0.0217085,0.0105998,0.0206591,0.0133063,0.0161002,0.0175323,0,0.00662628,0,0.0247627,0.0252307,0.0417004,0.0157955,0,0.0457071,0.0452831,0.011944,0,0,0.0323104,0.0783161,0.0914165,0.0284523,0.0392457,0.0129997,0.0397215,0.0133504,0.0316354,0.00982035,0.0347801,0,0.0358706,0.031633,0.0126504,0.0273845,0,0.00772773,0.0217632,0.0178986,0.00467861,0.0108791,0.0197062,0.0114368,0.0179402,0.0105033,0.00665245,0,0.0115405,0.00387256,0.0129325
#[v_choice,63]
%0.0194331,0.0571247,0.0299866,0.0355607,0.0286859,0.0296134,0.0196602,0,0.0278564,0,0.0536712,0.0388683,0.0671995,0.0120304,0,0.0346087,0.0333208,0.0111052,0,0,0.0364185,0.069794,0.0472844,0.0342793,0.0365279,0.0120683,0.0278091,0.00184929,0.012993,0.041908,0.0141988,0,0.0139069,0.00740763,0.00278617,0.0138988,0,0.00555247,0.00742083,0.00833463,0.0083283,0.00204402,0.00371071,0.00278203,0.00185752,0.00185396,0.000925733,0,0.0194374,0.0335039,0.0323932
#[v_choice,64]
%0.020338,0.0412797,0.0289027,0.0392423,0.0249701,0.0295664,0.0198636,0,0.0233306,0,0.0292029,0.0376893,0.0600984,0.0147329,0,0.0348479,0.0419996,0.00861825,0,0,0.0248637,0.0440714,0.0436666,0.0136572,0.0229271,0.00708111,0.0171411,0.00657057,0.0125987,0.0437871,0.0171956,0,0.0195396,0.0131039,0.00759043,0.0246882,0,0.00506739,0.0182831,0.0180564,0.0105153,0.010177,0.0172752,0.0139659,0.0193374,0.0188565,0.0137592,0,0.0265173,0.0234,0.0316242
#[v_choice,65]
%0.00801488,0.0345906,0.0156079,0.0303722,0.0177174,0.0421836,0.0139206,0,0.0113896,0,0.0480893,0.0430273,0.0556822,0.0151861,0,0.035021,0.0455583,0.0113896,0,0,0.0379653,0.0826806,0.0412608,0.0177196,0.0404963,0.0113923,0.0291048,0.0105459,0.0236311,0.0219352,0.0299545,0,0.024473,0.027423,0.00929752,0.0151887,0,0.00506203,0.0194051,0.0210925,0.00379677,0.00769542,0.0141573,0.00975183,0.0108559,0.00548836,0.00252183,0,0.0126551,0.00885856,0.0278402
#[v_choice,66]
%0.00565165,0.0243021,0.010173,0.0180853,0.00847704,0.0113033,0.00508459,0,0.00847748,0,0.0141291,0.0197808,0.0180854,0.0050865,0,0.0101615,0.0180852,0.00508649,0,0,0.0169549,0.0406906,0.0176258,0.0180819,0.037866,0.0096041,0.0316518,0.00339096,0.0192045,0.0101733,0.0355999,0,0.0288147,0.0497297,0.0186275,0.0435142,0,0.0175201,0.0452123,0.0700795,0.00960748,0.0411199,0.0494173,0.035539,0.0566598,0.0355996,0.0339222,0,0.0124336,0.0113033,0.0180866
#[v_choice,67]
%0.0113375,0.0748273,0.0249424,0.0408149,0.0204074,0.0408149,0.0181474,0,0.00906997,0,0.0385474,0.0612223,0.0725598,0.0158725,0,0.0362799,0.0544198,0.00680248,0,0,0.0294774,0.0589548,0.0430837,0.00453499,0.0408149,0.00680248,0.0408149,0.00680248,0.0158725,0.0294774,0.013605,0,0.0158725,0.0294774,0.00680248,0.00906997,0,0.00453499,0.00906997,0.00453499,0.00680248,0,0.00226773,0,0.00682877,0,0,0,0.0272099,0.0317449,0.0294774
#[v_choice,68]
%1.85758e-05,0.0371491,0.0223882,0.0236516,0.0176541,0.0257807,0.00710853,0,0.00579317,0,0.0508622,0.0422398,0.0422003,0.00486082,0,0.0447488,0.00738089,0.000462471,0,0,0.0511651,0.0543233,0.050825,0.0211413,0.0507663,0.0111954,0.0138729,0.0438051,0.0207637,0.0235524,0.0559206,0,0.0578835,0.0272685,0.00167321,0.0154098,0,0.010211,0.0230946,0.00711508,0.00732405,0.00790991,0.0233885,0.0159104,0.010559,0.00583878,4.68673e-05,0,0.000814906,0.0169957,0.038926
#[v_choice,69]
%0,0.0794211,0.0635281,0.0443254,0.010771,0.0223017,0.0107781,0,0,0,0.118069,0.0638648,0.0379207,0.0206798,0,0.0440643,0.0311931,0,0,0,0.0385185,0.0709786,0.0041826,0,0,1.24747e-10,0.0106807,0.0100443,0.0103323,0.0583057,5.2598e-06,0,0,0.0136955,0,0.0306563,0,0,0.040416,0.0265078,0.0104316,0,0,0,0.0315372,0,0.0103418,0,0.0142237,0.00967653,0.0625482
#[v_choice,70]
%0,0,0,7.98348e-05,0,0,0,0,0,0,0,0,0,0,0,0,0,0,0,0,0,0,0,0,0,0,0,0,0,0,0,0,0,0,0,0,0,0,0,0,0,0,0.223361,0,0,0,0,0,0,0,0.77656
#[v_choice,71]
%0,0,0,0,0,0,2.33614e-05,0,0.000188175,0,0,0,0,0,0,0,0,0.118172,0,0,0,0,0.818102,0,0,0,0,0,0,0,0,0,0,0,0,0,0,0,0,0,0.000898281,0,0.0502009,0.0124157,0,0,0,0,0,0,0
#[v_choice,72]
%0.0192585,0.0440825,0.0404883,0.0431406,0.0287946,0.0418705,0.0186548,0,0.0258528,0,0.0481071,0.0598916,0.0402111,0.0160311,0,0.0266182,0.0312473,0.0120957,0,0,0.0226674,0.057083,0.053879,0.0138699,0.0326056,0.00689046,0.0252076,0.00514062,0.0138298,0.0372135,0.0191417,0,0.0245236,0.013135,0.00737107,0.0147471,0,0.00370904,0.00809291,0.012044,0.00712523,0.00824289,0.00902233,0.00436424,0.00370653,0,0,0,0.0289761,0.0377048,0.0333619
#[v_choice,73]
%0.00664738,0.00543591,0.00175115,0.00334551,0.000762525,0.00170339,0.0108216,0,0.00230162,0,2.41772e-06,0.0108866,0.0112691,0.0104315,0,0.0104657,0.0411022,0.00890682,0,0,0.0202497,0.0711816,0.088326,0.0296778,0.0492436,0.0105352,0.0550265,0.000385893,0.0258195,0.00435645,0.0520067,0,0.0441648,0.0577233,0.0227227,0.0496562,0,0.0228295,0.0565099,0.0567247,0.000181517,0.0310071,0.0308812,0.0381221,0.032691,0.0108705,0.00276478,0,0.00914397,0,0.00136423
#[v_choice,74]
%0.00103889,0.0351026,0.016653,0.0354449,0.0198079,0.0318304,0.0211216,0,0.0146516,0,0.0250675,0.0589581,0.0516161,0.0161408,0,0.0344412,0.0294412,0.00844755,0,0,0.0326639,0.0511858,0.0217175,0.0150255,0.0637117,0.0132977,0.0416151,0.00388261,0.0351673,0.0269675,0.0344657,0,0.02506,0.0175637,0.0132272,0.0236368,0,0.013295,0.00908875,0.0160637,0.00454546,0.00690836,0.0215511,0.0119287,0.0146692,0.0119818,0.00266366,0,0.0225172,0.013503,0.0323328
#[v_choice,75]
%0.0290643,0.0457034,0.0224597,0.0420573,0.0374995,0.0456214,0.025515,0,0.0184857,0,0.0402476,0.0406154,0.048685,0.0106511,0,0.0374458,0.0403277,0.011099,0,0,0.0254276,0.0449727,0.0269368,0.0106441,0.0275434,0.00351335,0.0264609,0.00457103,0.00808243,0.0521887,0.021935,0,0.0104657,0.0117306,0.00113586,0.0069826,0,0.0023236,0.00291518,0.00354552,0.0127677,0.00340892,0.00492614,0.00223255,0.00807155,0.00695626,0.0174601,0,0.0627134,0.0265144,0.0680961
@v_3_del
$Dim[76,21]
#[v_choice,0]
%0,0,0.119088,0.173291,0.0696985,0.152352,0.186271,0.0766546,0.0530636,0.0419682,0.0322628,0.0333533,0.0168405,0.0269989,0.00253645,0.00105214,0.00522635,0.00291322,0.00243605,3.54249e-06,0.00398994
#[v_choice,1]
%2.65685e-05,5.57168e-06,0.0585713,0.040821,0.248511,0.242231,0.0912213,0.0687207,0.125323,0.0644516,0.0245331,0.0135212,0.01393,0.00125352,0,0.00261311,2.0636e-08,0.000253979,0.00097975,0,0.00303275
#[v_choice,2]
%0,0,0.176075,0.125513,0.0984142,0.138526,0.156747,0.1794,0.0376452,0.0182512,0.0466497,0.00866321,0.00165095,0.00410111,0.000832438,0.00320974,0.0011942,0.000565271,0,0.000685307,0.00187652
#[v_choice,3]
%3.25476e-06,0.0056652,0.0627794,0.0700632,0.0973986,0.144009,0.0839239,0.140558,0.156653,0.035016,0.0352811,0.0529805,0.0508113,0.0430912,0.00535482,0.000838262,0.00198603,0.00217628,0.00203254,0.000138239,0.00924022
#[v_choice,4]
%0.000154911,0.00934659,0.0915953,0.0792032,0.0833709,0.158779,0.0785281,0.140927,0.108187,0.0624722,0.0440198,0.0420189,0.0633782,0.0232584,0.00345385,0.000174076,0.0021839,0.00192006,0.00158105,0.000544557,0.00490344
#[v_choice,5]
%0,0,0,0,0,0,0,0,0,0,0,0,0,0,0,0,0,0,0,0,0
#[v_choice,6]
%0,2.16609e-05,0.0429169,0.116213,0.15215,0.0424216,0.11722,0.141868,0.157998,0.0762457,0.0359651,0.0585149,0.0260738,0.00428979,0.000948404,0.00506602,0.0107994,0.00961808,0.000230436,0.00143527,4.63088e-06
#[v_choice,7]
%0,1.22173e-07,0.0338988,0.080474,0.0697383,0.0501698,0.152115,0.125595,0.0898041,0.0946654,0.000845165,0.194764,0.053793,0.00717904,0.0106879,0.00086853,0.0131228,0.0069749,2.36275e-09,0.00214403,0.0131601
#[v_choice,8]
%0,0,0,0.00237148,0.345585,0.0683514,0.0887566,0.0565948,0.0235233,0,0.00539515,0.000121,0.01593,0,0.0188631,0,0,0,0.0241367,0.18182,0.168551
#[v_choice,9]
%0,0,0,0,7.96652e-05,0.000141287,0.011225,0.233455,0.0614168,0.346644,0.195076,0.0360235,0.00384895,0.0272342,0.021803,0.027536,0.00718801,0,0.00327053,0.00188367,0.0231747
#[v_choice,10]
%0,0,0.091266,0.0948601,0.214274,0.124645,0.102395,0.137959,0.0937296,0.0326407,0.052374,0.00166084,0.00460554,0.0121994,0.00693572,0.0106676,0.00337774,0,0,1.93556e-05,0.0163902
#[v_choice,11]
%0,1.40052e-05,0.0424586,0.143622,0.149587,0.0465226,0.055002,0.00959964,0.000740684,0.00495636,0,0.440943,0.0544376,0.000743083,0.00427186,0.0101066,0.00375112,0.0103357,0.000658274,0.00422241,0.0180271
#[v_choice,12]
%1.073e-06,0.00268278,0.0408944,0.0578041,0.0751795,0.0574409,0.184355,0.18148,0.12406,0.118113,0.0189334,0.0711112,0.0305464,0.0142951,0.00382142,0.00575003,0.00154892,0.00199726,0.00171584,0.0082701,9.79718e-08
#[v_choice,13]
%0,1.72904e-05,0.0400523,0.114417,0.146994,0.0381587,0.12332,0.145691,0.173272,0.0801235,0.0318504,0.0562349,0.0237119,0.00505545,0.00652787,0.00511449,0.00168252,0.00545549,0.000131111,9.36498e-07,0.00218866
#[v_choice,14]
%0.00209366,0.000162695,0.0234127,0.0615516,0.0979917,0.0421306,0.0794752,0.101137,0.0425921,0.143593,0.0508852,0.194729,0.0673301,4.65161e-05,0.0135619,0.0157733,0.0194556,0.0233073,0.00233304,0.00068695,0.0177506
#[v_choice,15]
%0,3.11958e-05,0.0454655,0.102567,0.149018,0.0422365,0.11835,0.130187,0.143541,0.0726822,0.0448986,0.0712258,0.0362428,0.010591,0.00551848,0.0096388,0.00136126,0.00119441,0.00335697,0.00238179,0.00951161
#[v_choice,16]
%2.81882e-07,0.00336072,0.0689597,0.031722,0.183627,0.220057,0.113948,0.126598,0.103606,0.0875369,0.0149007,0.0172813,0.0119988,0.00330356,0.000145454,0.00306382,0.00135218,0.00276733,4.73955e-06,0.00108363,0.0046823
#[v_choice,17]
%1.48155e-06,1.06885e-07,0.0664764,0.0466258,0.246939,0.239072,0.0722016,0.10692,0.082848,0.0660413,0.0261133,0.0227869,0.0123822,0.000525522,0.00196876,0.00277477,3.31809e-06,0.00149192,0.000218408,0.0015864,0.00302239
#[v_choice,18]
%0,0,0,0.00476482,0.0070219,4.52407e-05,0.462574,0.143665,0.216129,0.0782358,0.0249541,0.00696737,0.0323294,0.00286553,5.53329e-05,0.00319765,0.00657395,0.00537994,0,0.00208171,0.0031589
#[v_choice,19]
%0.000338896,0.00306286,0.0864684,0.0153076,0.231179,0.241319,0.121694,0.0918051,0.0836,0.0778739,0.0204234,0.000840663,0.00405532,0.00757752,0,0.00340249,2.8061e-07,0.00239918,0,3.02902e-07,0.00865226
#[v_choice,20]
%0.00238642,1.50528e-05,0.0575047,0.0226696,0.21013,0.281707,0.0979467,0.089407,0.085205,0.0927991,0.0170542,0.0139282,0.0128801,0.00294623,0,0.00150228,0.000704524,0.000787299,0.000624632,0.00113241,0.00866978
#[v_choice,21]
%0,0,0,0.107316,0.379051,0.0239428,0.0490629,0.374346,0.015112,0.00517714,0.023749,0.018282,6.80001e-07,0,0,0,0.00396093,2.01173e-08,2.64389e-19,2.65795e-35,8.94251e-53
#[v_choice,22]
%2.99911e-05,0.00829232,0.00965564,0.019836,0.136596,0.0463092,0.206451,0.265131,0.115952,0.0509139,0.0891675,0.00565482,0.00632939,0.00371009,0.021274,0.0066576,1.25997e-32,0.00188352,0.00280667,0.00328051,6.87303e-05
#[v_choice,23]
%0,0,0,0,0.29887,0.0225852,0.302856,0.298527,0,0,0.0264095,0,0,0.0507523,0,0,0,0,0,0,0
#[v_choice,24]
%0.00073232,0.00232141,0.0100177,0.0280371,0.113057,0.0558729,0.291496,0.273928,0.057412,0.0299593,0.0774816,0.0118528,0.0162171,0.00343622,0.00666138,3.69797e-05,0,0.000938829,0.000178861,0.000755955,0.0196066
#[v_choice,25]
%0,0,0,0.0506997,0.16633,0.195699,0.169223,0.3302,0.0334258,0.00013045,0,6.95627e-06,0.0297687,0.00719316,0,0,0,0.00530775,0,0.00322217,0.00879287
#[v_choice,26]
%0,0,0.00449092,0.170194,0.0748183,0.0892536,0.248283,0.0997828,0.11265,0.0702149,0.0544969,0.0117978,0.0203305,0.00479602,0,0.0151928,0.0156404,0.00193356,0,0,0.0061249
#[v_choice,27]
%0,0,0.00209661,0.172518,0.0580017,0.0737687,0.258476,0.103083,0.135326,0.0442472,0.0843646,0.0211773,0.00767541,0.0115256,0.00549792,0.00973409,0.00314391,0.00204941,0.00180452,0.00198449,0.00352544
#[v_choice,28]
%0,0,0.160163,0.126068,0.101227,0.137766,0.204377,0.0314568,0.0621678,0.0774551,0.0410064,0.0262964,0.000703081,0.0144544,0,0.00469946,0.00443542,0,0,0.00389566,0.00382775
#[v_choice,29]
%0,0.00139151,0.18312,0.0466059,0.181586,0.0808506,0.000214497,0.21192,5.33322e-06,0,0,0.23155,0.0313838,0.00269069,6.66997e-08,0,0.00109689,0,0,0.0275849,2.99688e-20
#[v_choice,30]
%0,2.19243e-05,0.0702093,0.0887587,0.106114,0.133632,0.187663,0.158088,0.0793522,0.108637,0.0328759,0.00328175,0.0093063,0.0103949,0.000736288,2.22865e-06,0.0026758,0.00505844,0,3.90523e-06,0.00318937
#[v_choice,31]
%0,0,0.0463119,0.0975907,0.16629,0.214761,0,0.181877,0.172708,0.0468978,0.0112483,0.0198527,0,0.0125153,0.0142768,0.00408532,0.00342977,0.00438564,0,0,0.00377023
#[v_choice,32]
%0,0,0.116003,0.0973425,0.121282,0.26514,0.0553062,0.126018,0.0341326,0.167877,3.20945e-09,0,0.0112327,0.000649481,0.00189971,0,0.00311747,1.02673e-12,8.14061e-21,1.89191e-34,2.40414e-43
#[v_choice,33]
%0.000643071,4.19304e-05,0.056833,0.033324,0.187535,0.11371,0.125128,0.191118,0.0854325,0.0455958,0.0226563,0.0335617,0.0297036,0.0341451,0.0179686,0.00356444,0.00252572,0.00202328,0.00369562,0.00111407,0.00968005
#[v_choice,34]
%0,2.72049e-07,0.108851,0.0662529,0.237843,0.0827515,0.14209,0.158053,0.0968933,0.0245959,0.0524113,0.0184684,0.00773496,0.00308168,0.00096977,0,0,1.51234e-06,0,6.82604e-14,6.16586e-13
#[v_choice,35]
%0,2.75217e-07,0.0985242,0.0580999,0.207748,0.112878,0.186005,0.146459,0.0903738,0.0228668,0.0344884,0.0165594,0.0172056,0.00241641,0.00226095,0.000505579,0,0.000936712,0.000608977,0,0.00206286
#[v_choice,36]
%0,3.69743e-07,0.0782972,0.0548131,0.211137,0.087121,0.168697,0.179867,0.0888253,0.0255438,0.058461,0.0184291,0.0203298,0.00304617,0.000708659,0,8.62098e-05,0.000862862,0,0,0.00377445
#[v_choice,37]
%0.00150345,2.03076e-07,4.81394e-07,0.104089,0.0483586,0.113103,0.172593,0.0973338,0.0653029,0.153114,0.195038,0.0198975,0.0107246,0.0031174,0.00405724,0.00270546,0.00112465,0,0,0,0.00793673
#[v_choice,38]
%0,0,0.0025965,0.163695,0.0616908,0.167489,0.150927,0.128059,0.0549769,0.170961,0.0447768,0.00580568,0.0249424,0.00158168,0.00215793,0.00240514,0.00230641,0.00354879,0.000123141,0.00644443,0.00551256
#[v_choice,39]
%0,0,0.00216588,0.176789,0.058282,0.162653,0.145654,0.141083,0.0666603,0.175151,0.0427474,0.00918007,0.00789106,0.00136143,0.00362259,0.00222491,0.00219591,5.35116e-05,5.07987e-06,1.92222e-05,0.00225939
#[v_choice,40]
%0,0,0.000268716,0.120141,0.00243272,0.142222,0.143503,0.161698,0.0920827,0.196303,0.0538579,0.0291929,0.034907,0,0.000785147,0,0.00567334,0,0,0.00502852,0.0119041
#[v_choice,41]
%0,0,0,0,0,0,1,5.4874e-13,8.63986e-26,1.21805e-41,0,0,0,0,0,0,0,0,0,0,0
#[v_choice,42]
%0,0,0.00207028,0.167377,0.0608156,0.169223,0.152021,0.139006,0.063931,0.174282,0.0444339,0.00841668,0.00792205,0.00135791,0.00415282,0.00236564,0.00243159,5.51547e-05,4.82725e-06,1.93181e-05,0.000113633
#[v_choice,43]
%0,0,0.00968444,0.232513,0.0951823,0.0763978,0.201683,0.0996033,0.0224162,0.223114,0.0179847,0.000381007,0.0107852,0,0,0.000592816,0.00558847,0,0.00210525,0,0.00196856
#[v_choice,44]
%0,0.00136277,0.0662684,0.0532898,0.191508,0.22131,0.0819002,0.121737,0.101671,0.0743216,0.0283951,0.0198715,0.0230221,0,0.004213,0.000119,0.00405178,0.00249738,0.00107057,0.00142171,0.00196953
#[v_choice,45]
%0,0,0,0,0.489143,0,0.510857,1.7599e-13,8.78166e-30,0,0,0,0,0,0,0,0,0,0,0,0
#[v_choice,46]
%0,0.00225945,0.0729169,0.0136311,0.197295,0.25951,0.0772191,0.135605,0.0861299,0.0781727,0.0169006,0.0132703,0.025237,0.00482474,0.00670869,0.00107881,0.00360103,0.00208091,0,0,0.00355777
#[v_choice,47]
%0,0.0267298,0.0969036,0.105758,0.144667,0.110041,0.0691849,0.10764,0.176693,0.0518273,0.0355276,0.0205404,0.00526349,0.0108641,0.01787,0,3.68131e-06,0.00354318,0.0043235,0,0.0126193
#[v_choice,48]
%0,0,0,6.35723e-05,0.47624,0.0872425,0.194768,0.133766,0.0386851,0.0161544,0.014425,0.00103217,0.0179108,0.00184355,5.30115e-09,0.00298869,0.0018985,0.00198679,0.00389551,0.00159852,0.00550115
#[v_choice,49]
%2.26981e-08,0.000130021,0.0237022,0.199554,0.114586,0.0916997,0.00674474,0.338145,0.0822267,0.02887,0.0228031,0.0154216,0.0232528,0.0137373,0.00300192,0.00668275,0.00163802,0.00730295,0.00505184,0.00258117,0.0128685
#[v_choice,50]
%0,0.0114501,0.0635602,0.0453751,0.178347,0.136622,0.00786453,0.104157,0.154333,0.178607,0.024443,0.0546698,0.0260625,2.67841e-06,0.00392174,3.47749e-05,0.00225307,0,0,0,0.00829715
#[v_choice,51]
%3.44384e-06,0.0139681,0.12988,0.135206,0.128004,0.181153,0.0940775,0.176953,0.0700845,0.0139599,0.0251441,0.0121785,0.0034175,0.00505103,0.00121883,0.00119657,0.000758476,0.000946156,0.003022,4.92781e-05,0.00372792
#[v_choice,52]
%1.37686e-07,0.0128508,0.167148,0.105875,0.195938,0.146865,0.107072,0.0948555,0.0833222,0.0190284,0.0177651,0.0207653,0.0086458,0.0156037,0.00137007,1.63252e-05,0.000754185,0.00137595,0.000277419,0.000392112,7.89372e-05
#[v_choice,53]
%4.94648e-08,0.0245088,0.0439136,0.0567666,0.25805,0.26654,0.16105,0.0623121,0.0534555,0.0143161,0.0259765,0.00102847,0.00137233,0.0015158,0.00514801,0.00444477,0.00223351,0.00230418,0.00247338,0.0029644,0.00962559
#[v_choice,54]
%0,0.0274958,0.050729,0.00655815,0.0732195,0.0661299,0.185209,0.185086,0.218354,0.0220047,0.113826,0.0137958,0.00368127,0.0311225,0,6.91643e-07,0,0,0,0,0.00278773
#[v_choice,55]
%0,0.00537639,0.0659105,0.0822231,0.100242,0.126046,0.121793,0.154353,0.098602,0.0738743,0.0499241,0.0475659,0.02815,0.0238923,0.00214506,0.000910037,0.00628577,4.25593e-05,0.00122513,0.00562644,0.00581169
#[v_choice,56]
%0,0.0124187,0.0590567,0.0698747,0.0508782,0.167561,0.0279891,0.130602,0.105177,0.0916046,0.179132,0.0559644,0.0250108,0,0,0.0111344,0,0,0.00910279,0,0.00449338
#[v_choice,57]
%5.08079e-06,9.24687e-06,0.0548628,0.0496961,0.166055,0.227376,0.0725994,0.112882,0.104883,0.11841,0.0277318,0.037234,0.0123162,0.0036577,1.85549e-05,0.00530744,0.00243778,0.000727175,1.4307e-06,3.34492e-05,0.0037555
#[v_choice,58]
%0,0,0.133495,0.124812,0.0785135,0.17381,0.0843956,0.145103,0.0593204,0.101205,0.0200781,0.0417643,0.0119175,0.00152264,0.00898124,0.000304066,0.00163642,0.000209205,0.000144866,0.010439,0.00234808
#[v_choice,59]
%0.00102101,0,0.055259,0.0360252,0.0787997,0.127518,0.0460343,0.151213,0.0995377,0.113055,0.12268,0.0552774,0.047728,0.0408264,0.0161505,0.00252823,0.00159896,0,0.000666162,0,0.00408201
#[v_choice,60]
%0,0,0,0,0,0.551592,0.146712,0.0946864,0.0408355,0.0690255,0.0419663,0.0287081,0.0109271,1.31139e-05,0.00783423,0,0.000991931,0,0.00145471,0,0.00525339
#[v_choice,61]
%0,0,0.00314587,0.0451705,0.141715,0.0461963,0.243307,0.130769,0.122727,0.12872,0.0767018,0.0385632,0.00815441,0,0.0053743,0.00294362,1.64905e-08,2.20101e-15,0,0.00651216,6.30653e-13
#[v_choice,62]
%0,2.00105e-05,0.118693,0.084644,0.0502577,0.199833,0.0778207,0.128506,0.0709349,0.0810654,0.0672964,0.0811942,0.0198321,0.00288679,0.0039933,0.00350078,0.00226999,0.0031764,0.000934356,7.09846e-08,0.00313984
#[v_choice,63]
%0.000531836,0,0.0766507,0.0324059,0.0421778,0.175372,0.0725894,0.165823,0.116286,0.0981814,0.0749298,0.0878773,0.0255845,0.00404027,0.00621441,0.00576973,0.00168796,0.00340175,0,0.00683682,0.00363982
#[v_choice,64]
%0,0,0.0956651,0.0851222,0.0445456,0.220795,0.0558302,0.12841,0.0849774,0.0771831,0.0701027,0.0807188,0.0268374,0.00286036,0.00312861,0.00671036,0.00359052,0.00603079,0.000270547,0.00201781,0.00520268
#[v_choice,65]
%0,1.16477e-07,0.0129277,0.0600855,0.0561666,0.0852204,0.113151,0.14749,0.156137,0.138543,0.0387115,0.0889523,0.0616305,0.0115003,0.00717838,0.0100447,0.00211022,0.00142442,7.40178e-06,0.00292112,0.00579736
#[v_choice,66]
%0,0,0.0128908,0.0527159,0.0421652,0.0949836,0.0231609,0.0194973,0.00637499,0.521568,0.0357512,0.0893071,0.0546939,0.0125764,0.00721719,0.00898735,0.000846514,1.46972e-12,0.00251011,0.00233326,0.0124204
#[v_choice,67]
%0.00308419,0.0032697,0.0218374,0.0636678,0.0609909,0.0651762,0.114098,0.117487,0.147923,0.159331,0.0148462,0.138356,0.0312875,0.0239177,0.00505912,0.0095181,0,0.00207886,0,0.0095408,0.00853011
#[v_choice,68]
%0,5.6023e-05,0.148194,0.0849786,0.0592021,0.182679,0.181305,0.036016,0.0587667,0.0430888,0.00745329,0.112749,0.0538594,0.00646902,0.0100699,0.00904794,0,0.00337246,0.00269334,1.87871e-18,1.22368e-17
#[v_choice,69]
%0,0,0,0,6.28799e-15,0,0,0,0,0,0,0,0,0,0,0,0,0,0,3.97751e-11,1
#[v_choice,70]
%0,0,0,0,0,0,0,0,0,0.222733,0,0,0,0,0,0,0,0,0,0.771449,0.00581751
#[v_choice,71]
%0,0.592194,0.38793,7.87094e-05,0.000373016,0.00765231,0.00846171,2.76784e-05,0,0,0,0,0,0,0,0,0,0,0,0,0.00328341
#[v_choice,72]
%0,0,6.45515e-08,0,0.602518,0.0734529,0.129394,0.0556418,0.0507224,0.0463437,0.00468905,0.00760343,0.00395636,1.87298e-41,2.18932e-08,0,0,0,0.000319515,0,0.0253584
#[v_choice,73]
%0,2.61852e-05,0.259168,0.0449731,0.145805,0.192874,0.16653,0.099759,0.0267069,0.00948209,0.0166746,6.20414e-05,0.0220282,0,0.00665447,0.00398991,0.000437655,8.89577e-06,0.00189594,0.00291197,1.16186e-05
#[v_choice,74]
%0,0.000204495,0.200984,0.0776584,0.117084,0.167233,0.174065,0.0746845,0.0364844,5.34613e-06,0.00880931,0.110196,0.0100912,1.98639e-08,0.00209239,0.00042674,0.00780222,0.00217005,0,0.00275436,0.00725444
#[v_choice,75]
%0,9.75565e-06,0.139184,0.112478,0.0493802,0.311181,0.06843,0.123706,0.0726206,0.029181,0.0379454,0.0194358,0.0257494,0.000884587,0.000948334,0,0.00228943,0.00012048,0.00245248,7.7927e-06,0.00399496
@j_5_del
$Dim[51,23]
#[j_choice,0]
%0,0.00805931,0.103199,0.193783,0.108908,0.255339,0.0752132,0.148061,0.0175172,0.0581837,0.0206704,8.94699e-06,0.00443532,0,7.71763e-06,0.00303171,0,0,0.00166375,0.00191904,0,0,0
#[j_choice,1]
%0,0,0,0,0,0.341407,0.107532,0.178482,0.0853149,0.192102,0.0452358,0.0344078,0.00534664,0.00244849,0.00471874,0.000724783,0,0.00096712,0,0,0,0.000959206,0.000353318
#[j_choice,2]
%0,0.00434065,0.071165,0.0464391,0.152597,0.181287,0.183892,0.171844,0.0891116,0.0475463,0.0245181,0.00244549,0.0151358,0.00350411,0.00156364,5.98882e-05,0.00160898,0,0,0,0.000566076,0.000394682,0.00198033
#[j_choice,3]
%0.00146968,7.00658e-05,0.0105931,0.0104419,0.0551431,0.100253,0.109735,0.15033,0.192073,0.174721,0.0695372,0.08161,0.0246122,0.00693178,0.00334294,0.00651929,0.000271604,0.00167879,6.71998e-07,0,0,4.78895e-51,0.000666501
#[j_choice,4]
%0.000288375,0,0.00949132,0.0428182,0.161983,0.168977,0.113447,0.165322,0.250989,0.0227793,0.0262351,0.00807165,0.0112032,0.00373971,0.0098873,0.00254985,0.00105021,0.0005774,0,0,0.000591479,0,0
#[j_choice,5]
%6.32505e-05,0.000409348,0.00937094,0.0543707,0.0317416,0.126289,0.0191672,0.218617,0.088418,0.127784,0.0924977,0.0823161,0.0757202,0.0360174,0.0107519,0.0120963,0.000489066,0.00281147,0.00676875,0.00156196,6.85075e-30,0.00136883,0.00136968
#[j_choice,6]
%0,1.14506e-06,0.0139567,0.00239584,0.0110309,0.0560296,0.099788,0.155904,0.07188,0.200982,0.187971,0.0334732,0.134067,0.0259471,2.46226e-06,0.00560369,3.74581e-26,0,0,0,0,0.000403143,0.000563748
#[j_choice,7]
%0,0,0,0,0,0,0,0,0,0,0,0,0,0,0,0,0,0,0,0,0,0,0
#[j_choice,8]
%0,0.0133133,0.00446964,0.0621758,0.0332507,0.206169,0.10875,0.153479,0.0676645,0.231341,0.0285591,0.0221574,0.0384567,0.00952445,0.00426843,0.00942184,0.0032603,0,0.0021577,0,0,0.000630702,0.000950056
#[j_choice,9]
%0,0,0,0,0,0,0,0,0,0,0,0,0,0,0,0,0,0,0,0,0,0,0
#[j_choice,10]
%0,3.50762e-47,0.0419008,0.244186,0.0622944,0.240974,0.0858308,0.1446,0.0181796,0.0458223,0.0333208,0.0122078,0.0300117,0.0108199,0.00845929,0.00303379,0.00221432,0.0064937,0.00185344,0.00101708,0.00232998,5.42239e-06,0.00444448
#[j_choice,11]
%1.27095e-07,0.0113985,0.027525,0.24225,0.0789402,0.188066,0.133277,0.16508,0.0297634,0.0602548,0.0289,0.00310705,0.0210912,0.00152755,0.0018627,0.00138349,0.0022878,0.00198603,0.000325894,0.000540003,1.75945e-44,0.00043267,6.65633e-39
#[j_choice,12]
%2.70956e-05,0.0105229,0.018244,0.138577,0.0449443,0.18811,0.105384,0.130092,0.0929675,0.158399,0.0222014,0.0140335,0.0180676,0.013432,0.0146822,0.00414734,0.00347098,0.0152631,0.00446219,0.000904053,0,0,0.00206875
#[j_choice,13]
%0,0,0,0,0,0,0,0,6.4621e-17,0,0,0.988736,6.64639e-06,0.00178866,0.00360718,0.00157256,0.00133521,0.000982671,0,0.000850467,2.28295e-38,0.00112045,2.7394e-09
#[j_choice,14]
%0,0,0,0,0,0,0,0,0,0,0,0,0,0,0,0,0,0,0,0,0,0,0
#[j_choice,15]
%0.00063287,0.000160919,0.0112777,0.0188142,0.0343567,0.119136,0.0753271,0.150754,0.113835,0.152686,0.0772219,0.120968,0.0273525,0.024174,0.015333,0.0433493,0.00324941,0.0053458,0,0.00156694,0.00124259,0.000895118,0.0023217
#[j_choice,16]
%0,0.0058242,0.0570484,0.146756,0.0687258,0.122086,0.130117,0.189352,0.0736627,0.0898454,0.0576633,0.0137071,0.00586469,0.00814429,0.0107525,0.00476559,0.00527694,0.00461624,0.00221045,0,0,0.00300047,0.00058063
#[j_choice,17]
%0.000407323,0.00183403,0.0201645,0.0428988,0.0915543,0.113539,0.0699805,0.173606,0.182865,0.129295,0.0631174,0.0778992,0.0188227,6.00213e-05,0.00300319,3.54116e-34,0.0027153,0.00125838,0.00129539,0,0,0.000543895,0.00514034
#[j_choice,18]
%0,0,0,0,0,0,0,0,0,0,0,0,0,0,0,0,0,0,0,0,0,0,0
#[j_choice,19]
%0,0,0,0,0,0,0,0,0,0,0,0,0,0,0,0,0,0,0,0,0,0,0
#[j_choice,20]
%0,0.000631717,0.00766922,0.117656,0.12277,0.277084,0.0496657,0.207325,0.0913344,0.0414339,0.0295736,0.0116262,0.00766468,0.0110769,0.01425,2.1199e-05,0.00186568,0.00148757,0.00097238,0.00148425,0.000785976,0,0.00362119
#[j_choice,21]
%7.25028e-06,0.00525105,0.0183785,0.011515,0.0628376,0.0966941,0.120168,0.121567,0.10014,0.195584,0.0547141,0.134632,0.0154417,0.013896,0.0140111,0.0134845,0.00691886,0.00996204,0.000792475,0.000564461,4.2953e-06,9.72184e-05,0.00333827
#[j_choice,22]
%0.000291395,0.00318408,0.00709969,0.0192628,0.0182512,0.113159,0.0523098,0.0741706,0.209475,0.13291,0.084299,0.0516725,0.201783,0.012491,0.005991,0.000169412,0.00240248,0.00171573,0.0018425,0.00282522,0.00178477,0.00114552,0.00176474
#[j_choice,23]
%0,7.00589e-06,0.055753,0.0812969,0.0299193,0.2117,0.13609,0.134123,0.0681676,0.167997,0.0574208,0.0269458,0.00659786,0.00701041,0.0081508,2.79235e-05,1.10349e-05,0.00183369,0,0.000933154,0,0.000506275,0.00550919
#[j_choice,24]
%0,2.11711e-05,0.0281304,0.0684076,0.184698,0.159403,0.119841,0.0618723,0.229331,0.0430736,0.0284666,0.0153051,0.00690983,0.0250031,2.03726e-05,0,0,0.0170402,0.00421709,0.00131118,0.00290433,0.00309875,0.000945321
#[j_choice,25]
%0.000757492,0.000194604,0.0158842,0.0655592,0.0247473,0.0941685,0.0713799,0.0589137,0.194527,0.0798646,0.109056,0.243316,0.0248325,9.46598e-05,0.00497213,0.000804168,0.0012775,0.00490608,0,0.000936863,0,0,0.0038072
#[j_choice,26]
%2.56859e-07,0.00647717,0.0439608,0.159747,0.106792,0.153947,0.151883,0.27231,0.0492884,0.0343193,0.00523547,0.00190958,0.00268066,0.00376117,7.49636e-07,0.00114888,0.00389977,0.00117148,0.000274345,0,0.000607982,0,0.00058568
#[j_choice,27]
%0.0140077,0.000899711,0.0295321,0.0756061,0.277991,0.0859973,0.144824,0.119186,0.146915,0.0209124,0.0521859,0.0136965,0.00588936,0.0011747,0.00268278,0.00305755,0.00118591,0.00094774,0.00112806,0.000341925,0.00183907,0,0
#[j_choice,28]
%0,0.0013564,0.00385444,0.0398446,0.0188033,0.0971218,0.0579444,0.101073,0.069019,0.210413,0.104933,0.0630829,0.127046,0.0240473,0.0273149,0.0164106,0.00421976,0.00827997,0.016805,0.00310037,0,0.00109683,0.00423269
#[j_choice,29]
%0.00122356,0.0014978,0.00203376,0.0708163,0.0414667,0.0832137,0.109925,0.156478,0.192365,0.0457548,0.175468,0.0190148,0.077444,0.00910094,0.000205356,0.00737717,0.00437017,0,0,0.000368288,0.000341477,0,0.00153626
#[j_choice,30]
%0.00100627,2.60316e-05,0.00667851,0.0254203,0.0200619,0.136239,0.149733,0.105857,0.176083,0.106203,0.118115,0.0496615,0.0566461,0.0262002,0.0099278,0.000103774,0.00335063,0.00101233,0.00246909,0.000191677,0.0016162,0.00025349,0.00314347
#[j_choice,31]
%0,0,0.108381,0.127842,0.173931,0,0.158004,0,0.1364,0,0.152587,0,0,0,0,1.31234e-41,0,0,0.142854,0,0,0,0
#[j_choice,32]
%0.00205326,1.502e-09,0.0292422,0.0234308,0.139921,0.0985739,0.102251,0.122131,0.13788,0.0491663,0.157782,0.0658665,0.0359341,0.0215144,0.00810712,0.000953048,0.000542963,0.00124946,0.000349436,0.00066429,0.000155842,0.000703781,0.00152706
#[j_choice,33]
%0,0.00617483,0.0390181,0.0407307,0.0242026,0.164032,0.192121,0.142898,0.0870332,0.1924,0.0312737,0.0326852,0.00610367,0.00848678,0.00997715,0.00389683,0.00503541,0.00304051,0.00373189,1.07684e-05,0.00406371,6.74006e-05,0.00301719
#[j_choice,34]
%0.00120587,0.00283193,0.0216587,0.0228015,0.0379369,0.220172,0.103043,0.195369,0.199061,0.132203,0.0485591,0.0029518,0.00586417,0,0.000975207,0,0.000440978,0.00177045,0.00122452,0,0,0,0.00193019
#[j_choice,35]
%3.12824e-08,0.00555755,0.00361582,0.0213156,0.0145575,0.0586044,0.124064,0.223325,0.0774891,0.207997,0.111614,0.0572288,0.0171976,0.015306,0.0184153,0.0303878,0.00341842,0.00464277,0.00247624,1.64012e-33,0,5.47252e-05,0.00273299
#[j_choice,36]
%0,0,0,0,0,0,0,0,0,0,0,0,0,0,0,0,0,0,0,0,0,0,0
#[j_choice,37]
%0,4.96944e-22,0.0775777,0.00520256,0,0,0,0.583655,0.130838,0.0588356,0.0383637,0.0259287,0.0659879,0,0.00223459,0.0039397,0,0.00107569,0,8.34065e-05,0.00266849,1.35838e-39,0.00360862
#[j_choice,38]
%0,0,0,0,0.0203381,0.175163,0.0696193,0.126768,0.112359,0.165727,0.0780551,0.0547829,0.0468848,0.128144,0.00785311,0.00252388,0.00187704,0.000644811,0.00247472,0.00156623,0.00139062,0.000401929,0.00342586
#[j_choice,39]
%0,0.00758797,0.0634513,0.0494018,0.1062,0.125585,0.152836,0.148773,0.0676622,0.15256,0.0850716,0.0235751,0.00484274,0.00197645,0.00223098,0.00192067,0.00108547,0.00190743,0.000161793,0.00235363,0,0.000328912,0.00048739
#[j_choice,40]
%0.013872,3.16071e-05,0.0950765,0.0624101,0.0408446,0.112076,0.223356,0.176177,0.0974646,0.0905448,0.0219219,0.010691,0.00697842,0.0282928,0.00285482,0.00612807,0.00315262,0.00241261,5.49673e-27,5.044e-08,0.00370958,0.000358654,0.00164617
#[j_choice,41]
%0,0.00574929,0.0582337,0.102742,0.0962278,0.132548,0.13589,0.235674,0.0724709,0.0341684,0.0929071,0.012039,0.000772392,0.0119942,0.000113665,0.000581292,0.00129058,0.000690405,0.000773924,0.000476695,0.000845002,0.00055213,0.00325933
#[j_choice,42]
%4.90668e-07,2.14605e-05,0.0115964,0.00406368,0.0869733,0.0379179,0.130753,0.118189,0.169842,0.153895,0.157801,0.0392953,0.0566282,0.0123072,0.00622051,0.00624206,0,0,0.00110332,0.000839522,0,9.75385e-09,0.00631056
#[j_choice,43]
%0,3.56751e-06,0.00440615,0.0171295,0.0330082,0.117054,0.102395,0.141569,0.189796,0.165707,0.0934124,0.060223,0.0312072,0.0110963,0.0113864,0.00899914,0.00253876,1.07929e-06,0,0,0,0,0.0100676
#[j_choice,44]
%3.89385e-09,0.000738837,0.0830856,0.0687799,0.0214833,0.203257,0.0429087,0.173111,0.0649981,0.15469,0.093243,0.0281867,0.0437582,0.00603265,0.00351053,0.0035772,0.00108654,0.00106797,0,0,0.00197643,0.000240069,0.00426918
#[j_choice,45]
%4.28358e-06,0.00470464,0.0040517,0.0125303,0.0724309,0.166038,0.115456,0.170733,0.149654,0.132323,0.0581169,0.0435272,0.0206914,0.018162,0.00612457,0.00679183,0.00734525,0.000365513,0.000751277,0.000844676,0.000358887,0.00705625,0.00193729
#[j_choice,46]
%0.000604595,0.00109806,0.0464509,0.100348,0.0266117,0.133214,0.0920369,0.0551284,0.11108,0.155274,0.0870209,0.0654973,0.0888154,0.010479,0.0100708,0.000407004,0.00380947,0,0.000208374,0.00165536,0.00313244,0.000849481,0.00620808
#[j_choice,47]
%0,0,0,0,0,0,0,0,0,0,0,0,0,0,0,0,0,0,0,0,0,0,0
#[j_choice,48]
%0,1.45042e-06,0.0355185,0.0570644,0.116424,0.166977,0.150749,0.156914,0.0500055,0.104979,0.0555982,0.0478096,0.0274201,0.0134128,0.00919763,0,0,0.0013961,0.00228353,0.00182417,0,0,0.00242491
#[j_choice,49]
%0,0.00871134,0.0516002,0.0950992,0.108691,0.211581,0.123583,0.210257,0.0612691,0.0556549,0.0341206,0.0158043,0.011448,0.00529657,0.00107749,0.00142834,0.00237292,0,0.00139531,0,0,0.000610303,0
#[j_choice,50]
%0.0006917,1.73276e-05,0.112945,6.86809e-06,0,0,7.95671e-11,0.520621,0.140448,0.103015,0.046323,0.0237416,0.0389604,0.0051104,0.000698005,0.00134198,0,0.000323678,0.000859976,0.000445613,0.00314918,0.000106333,0.00119466
@vj_ins
$Dim[41]
#
%0.0782522,0.140021,0.195576,0.194156,0.162282,0.0906236,0.05625,0.0325947,0.0191591,0.0117372,0.00865091,0.00381334,0.00237523,0.00106426,0.000803374,0.000614758,0.000180749,0.000325537,0.000364322,0,0,0.000753292,0.000401453,0,0,0,0,0,0,0,0,0,0,0,0,0,0,0,0,0,0
@vj_dinucl
$Dim[16]
#
%0.238727,0.198276,0.410191,0.152806,0.116089,0.46112,0.20979,0.213,0.213812,0.15668,0.517218,0.112291,0.153666,0.321782,0.267371,0.25718
